(kicad_pcb (version 20171130) (host pcbnew "(5.1.5)-2")

  (general
    (thickness 1.6)
    (drawings 62)
    (tracks 1991)
    (zones 0)
    (modules 270)
    (nets 111)
  )

  (page A4)
  (layers
    (0 F.Cu signal)
    (31 B.Cu signal)
    (32 B.Adhes user)
    (33 F.Adhes user)
    (34 B.Paste user hide)
    (35 F.Paste user hide)
    (36 B.SilkS user)
    (37 F.SilkS user)
    (38 B.Mask user hide)
    (39 F.Mask user hide)
    (40 Dwgs.User user hide)
    (41 Cmts.User user)
    (42 Eco1.User user)
    (43 Eco2.User user)
    (44 Edge.Cuts user)
    (45 Margin user)
    (46 B.CrtYd user)
    (47 F.CrtYd user)
    (48 B.Fab user hide)
    (49 F.Fab user hide)
  )

  (setup
    (last_trace_width 0.25)
    (user_trace_width 0.35)
    (user_trace_width 0.8)
    (user_trace_width 1.2)
    (user_trace_width 2)
    (trace_clearance 0.2)
    (zone_clearance 0.254)
    (zone_45_only no)
    (trace_min 0.2)
    (via_size 0.6)
    (via_drill 0.25)
    (via_min_size 0.4)
    (via_min_drill 0.25)
    (user_via 0.6 0.25)
    (user_via 0.8 0.4)
    (user_via 1 0.6)
    (user_via 1.5 0.8)
    (uvia_size 0.3)
    (uvia_drill 0.1)
    (uvias_allowed no)
    (uvia_min_size 0.2)
    (uvia_min_drill 0.1)
    (edge_width 0.05)
    (segment_width 0.2)
    (pcb_text_width 0.3)
    (pcb_text_size 1.5 1.5)
    (mod_edge_width 0.12)
    (mod_text_size 1 1)
    (mod_text_width 0.15)
    (pad_size 3.2 3.2)
    (pad_drill 3.2)
    (pad_to_mask_clearance 0.051)
    (solder_mask_min_width 0.25)
    (aux_axis_origin 0 0)
    (visible_elements 7FFDEF7F)
    (pcbplotparams
      (layerselection 0x010fc_ffffffff)
      (usegerberextensions true)
      (usegerberattributes false)
      (usegerberadvancedattributes false)
      (creategerberjobfile false)
      (excludeedgelayer true)
      (linewidth 0.100000)
      (plotframeref false)
      (viasonmask false)
      (mode 1)
      (useauxorigin false)
      (hpglpennumber 1)
      (hpglpenspeed 20)
      (hpglpendiameter 15.000000)
      (psnegative false)
      (psa4output false)
      (plotreference true)
      (plotvalue true)
      (plotinvisibletext false)
      (padsonsilk false)
      (subtractmaskfromsilk false)
      (outputformat 1)
      (mirror false)
      (drillshape 0)
      (scaleselection 1)
      (outputdirectory "Gerber/"))
  )

  (net 0 "")
  (net 1 GND)
  (net 2 /Ref-)
  (net 3 /Ref+)
  (net 4 /V_in)
  (net 5 /sheet5DD8DCB3/LED_GND)
  (net 6 "Net-(C202-Pad2)")
  (net 7 "Net-(C204-Pad2)")
  (net 8 "Net-(C302-Pad2)")
  (net 9 "Net-(C304-Pad2)")
  (net 10 "Net-(C402-Pad2)")
  (net 11 "Net-(C404-Pad2)")
  (net 12 "Net-(C502-Pad2)")
  (net 13 "Net-(C504-Pad2)")
  (net 14 "Net-(C602-Pad2)")
  (net 15 "Net-(C604-Pad2)")
  (net 16 "Net-(C702-Pad2)")
  (net 17 "Net-(C704-Pad2)")
  (net 18 "Net-(C802-Pad2)")
  (net 19 "Net-(C804-Pad2)")
  (net 20 "Net-(C902-Pad2)")
  (net 21 "Net-(C904-Pad2)")
  (net 22 /Malf)
  (net 23 "Net-(D201-Pad2)")
  (net 24 "Net-(D201-Pad1)")
  (net 25 "Net-(D202-Pad2)")
  (net 26 "Net-(D202-Pad1)")
  (net 27 "Net-(D301-Pad2)")
  (net 28 "Net-(D301-Pad1)")
  (net 29 "Net-(D302-Pad2)")
  (net 30 "Net-(D302-Pad1)")
  (net 31 "Net-(D401-Pad2)")
  (net 32 "Net-(D401-Pad1)")
  (net 33 "Net-(D402-Pad2)")
  (net 34 "Net-(D402-Pad1)")
  (net 35 "Net-(D501-Pad2)")
  (net 36 "Net-(D501-Pad1)")
  (net 37 "Net-(D502-Pad2)")
  (net 38 "Net-(D502-Pad1)")
  (net 39 "Net-(D601-Pad2)")
  (net 40 "Net-(D601-Pad1)")
  (net 41 "Net-(D602-Pad2)")
  (net 42 "Net-(D602-Pad1)")
  (net 43 "Net-(D701-Pad2)")
  (net 44 "Net-(D701-Pad1)")
  (net 45 "Net-(D702-Pad2)")
  (net 46 "Net-(D702-Pad1)")
  (net 47 "Net-(D801-Pad2)")
  (net 48 "Net-(D801-Pad1)")
  (net 49 "Net-(D802-Pad2)")
  (net 50 "Net-(D802-Pad1)")
  (net 51 "Net-(D901-Pad2)")
  (net 52 "Net-(D901-Pad1)")
  (net 53 "Net-(D902-Pad2)")
  (net 54 "Net-(D902-Pad1)")
  (net 55 -5V)
  (net 56 +12V)
  (net 57 "Net-(J201-Pad1)")
  (net 58 "Net-(J202-Pad1)")
  (net 59 "Net-(J301-Pad1)")
  (net 60 "Net-(J302-Pad1)")
  (net 61 "Net-(J401-Pad1)")
  (net 62 "Net-(J402-Pad1)")
  (net 63 "Net-(J501-Pad1)")
  (net 64 "Net-(J502-Pad1)")
  (net 65 "Net-(J601-Pad1)")
  (net 66 "Net-(J602-Pad1)")
  (net 67 "Net-(J701-Pad1)")
  (net 68 "Net-(J702-Pad1)")
  (net 69 "Net-(J801-Pad1)")
  (net 70 "Net-(J802-Pad1)")
  (net 71 "Net-(J901-Pad1)")
  (net 72 "Net-(J902-Pad1)")
  (net 73 "Net-(Q101-Pad3)")
  (net 74 /sheet5DD8DCB3/Malf_in)
  (net 75 /sheet5DF3552B/Malf)
  (net 76 /sheet5DF3552C/Malf)
  (net 77 /sheet5DF270F1/Malf)
  (net 78 /sheet5DF270F0/Malf)
  (net 79 /sheet5DF0CFCA/Malf)
  (net 80 /sheet5DF0CFC9/Malf)
  (net 81 /sheet5DE59C6C/Malf)
  (net 82 /sheet5DD8DCB3/Malf)
  (net 83 "Net-(C205-Pad2)")
  (net 84 "Net-(C305-Pad2)")
  (net 85 "Net-(C405-Pad2)")
  (net 86 "Net-(C505-Pad2)")
  (net 87 "Net-(C605-Pad2)")
  (net 88 "Net-(C705-Pad2)")
  (net 89 "Net-(C805-Pad2)")
  (net 90 "Net-(C905-Pad2)")
  (net 91 "Net-(D103-Pad1)")
  (net 92 "Net-(C203-Pad2)")
  (net 93 "Net-(C211-Pad1)")
  (net 94 "Net-(C303-Pad2)")
  (net 95 "Net-(C311-Pad1)")
  (net 96 "Net-(C403-Pad2)")
  (net 97 "Net-(C411-Pad1)")
  (net 98 "Net-(C503-Pad2)")
  (net 99 "Net-(C511-Pad1)")
  (net 100 "Net-(C603-Pad2)")
  (net 101 "Net-(C611-Pad1)")
  (net 102 "Net-(C703-Pad2)")
  (net 103 "Net-(C711-Pad1)")
  (net 104 "Net-(C803-Pad2)")
  (net 105 "Net-(C811-Pad1)")
  (net 106 "Net-(C903-Pad2)")
  (net 107 "Net-(C911-Pad1)")
  (net 108 "Net-(Q102-Pad3)")
  (net 109 "Net-(C102-Pad2)")
  (net 110 "Net-(C106-Pad2)")

  (net_class Default "This is the default net class."
    (clearance 0.2)
    (trace_width 0.25)
    (via_dia 0.6)
    (via_drill 0.25)
    (uvia_dia 0.3)
    (uvia_drill 0.1)
    (add_net +12V)
    (add_net -5V)
    (add_net /Malf)
    (add_net /Ref+)
    (add_net /Ref-)
    (add_net /V_in)
    (add_net /sheet5DD8DCB3/LED_GND)
    (add_net /sheet5DD8DCB3/Malf)
    (add_net /sheet5DD8DCB3/Malf_in)
    (add_net /sheet5DE59C6C/Malf)
    (add_net /sheet5DF0CFC9/Malf)
    (add_net /sheet5DF0CFCA/Malf)
    (add_net /sheet5DF270F0/Malf)
    (add_net /sheet5DF270F1/Malf)
    (add_net /sheet5DF3552B/Malf)
    (add_net /sheet5DF3552C/Malf)
    (add_net GND)
    (add_net "Net-(C102-Pad2)")
    (add_net "Net-(C106-Pad2)")
    (add_net "Net-(C202-Pad2)")
    (add_net "Net-(C203-Pad2)")
    (add_net "Net-(C204-Pad2)")
    (add_net "Net-(C205-Pad2)")
    (add_net "Net-(C211-Pad1)")
    (add_net "Net-(C302-Pad2)")
    (add_net "Net-(C303-Pad2)")
    (add_net "Net-(C304-Pad2)")
    (add_net "Net-(C305-Pad2)")
    (add_net "Net-(C311-Pad1)")
    (add_net "Net-(C402-Pad2)")
    (add_net "Net-(C403-Pad2)")
    (add_net "Net-(C404-Pad2)")
    (add_net "Net-(C405-Pad2)")
    (add_net "Net-(C411-Pad1)")
    (add_net "Net-(C502-Pad2)")
    (add_net "Net-(C503-Pad2)")
    (add_net "Net-(C504-Pad2)")
    (add_net "Net-(C505-Pad2)")
    (add_net "Net-(C511-Pad1)")
    (add_net "Net-(C602-Pad2)")
    (add_net "Net-(C603-Pad2)")
    (add_net "Net-(C604-Pad2)")
    (add_net "Net-(C605-Pad2)")
    (add_net "Net-(C611-Pad1)")
    (add_net "Net-(C702-Pad2)")
    (add_net "Net-(C703-Pad2)")
    (add_net "Net-(C704-Pad2)")
    (add_net "Net-(C705-Pad2)")
    (add_net "Net-(C711-Pad1)")
    (add_net "Net-(C802-Pad2)")
    (add_net "Net-(C803-Pad2)")
    (add_net "Net-(C804-Pad2)")
    (add_net "Net-(C805-Pad2)")
    (add_net "Net-(C811-Pad1)")
    (add_net "Net-(C902-Pad2)")
    (add_net "Net-(C903-Pad2)")
    (add_net "Net-(C904-Pad2)")
    (add_net "Net-(C905-Pad2)")
    (add_net "Net-(C911-Pad1)")
    (add_net "Net-(D103-Pad1)")
    (add_net "Net-(D201-Pad1)")
    (add_net "Net-(D201-Pad2)")
    (add_net "Net-(D202-Pad1)")
    (add_net "Net-(D202-Pad2)")
    (add_net "Net-(D301-Pad1)")
    (add_net "Net-(D301-Pad2)")
    (add_net "Net-(D302-Pad1)")
    (add_net "Net-(D302-Pad2)")
    (add_net "Net-(D401-Pad1)")
    (add_net "Net-(D401-Pad2)")
    (add_net "Net-(D402-Pad1)")
    (add_net "Net-(D402-Pad2)")
    (add_net "Net-(D501-Pad1)")
    (add_net "Net-(D501-Pad2)")
    (add_net "Net-(D502-Pad1)")
    (add_net "Net-(D502-Pad2)")
    (add_net "Net-(D601-Pad1)")
    (add_net "Net-(D601-Pad2)")
    (add_net "Net-(D602-Pad1)")
    (add_net "Net-(D602-Pad2)")
    (add_net "Net-(D701-Pad1)")
    (add_net "Net-(D701-Pad2)")
    (add_net "Net-(D702-Pad1)")
    (add_net "Net-(D702-Pad2)")
    (add_net "Net-(D801-Pad1)")
    (add_net "Net-(D801-Pad2)")
    (add_net "Net-(D802-Pad1)")
    (add_net "Net-(D802-Pad2)")
    (add_net "Net-(D901-Pad1)")
    (add_net "Net-(D901-Pad2)")
    (add_net "Net-(D902-Pad1)")
    (add_net "Net-(D902-Pad2)")
    (add_net "Net-(J201-Pad1)")
    (add_net "Net-(J202-Pad1)")
    (add_net "Net-(J301-Pad1)")
    (add_net "Net-(J302-Pad1)")
    (add_net "Net-(J401-Pad1)")
    (add_net "Net-(J402-Pad1)")
    (add_net "Net-(J501-Pad1)")
    (add_net "Net-(J502-Pad1)")
    (add_net "Net-(J601-Pad1)")
    (add_net "Net-(J602-Pad1)")
    (add_net "Net-(J701-Pad1)")
    (add_net "Net-(J702-Pad1)")
    (add_net "Net-(J801-Pad1)")
    (add_net "Net-(J802-Pad1)")
    (add_net "Net-(J901-Pad1)")
    (add_net "Net-(J902-Pad1)")
    (add_net "Net-(Q101-Pad3)")
    (add_net "Net-(Q102-Pad3)")
  )

  (module Resistor_SMD:R_0805_2012Metric (layer B.Cu) (tedit 5B36C52B) (tstamp 5DE5A7DE)
    (at 84.836 109.474 180)
    (descr "Resistor SMD 0805 (2012 Metric), square (rectangular) end terminal, IPC_7351 nominal, (Body size source: https://docs.google.com/spreadsheets/d/1BsfQQcO9C6DZCsRaXUlFlo91Tg2WpOkGARC1WS5S8t0/edit?usp=sharing), generated with kicad-footprint-generator")
    (tags resistor)
    (path /5DE62D15)
    (attr smd)
    (fp_text reference R104 (at 0.254 -1.2446) (layer B.SilkS)
      (effects (font (size 0.7 0.7) (thickness 0.15)) (justify mirror))
    )
    (fp_text value R_Ref- (at 0 -1.65) (layer B.Fab)
      (effects (font (size 1 1) (thickness 0.15)) (justify mirror))
    )
    (fp_line (start -1 -0.6) (end -1 0.6) (layer B.Fab) (width 0.1))
    (fp_line (start -1 0.6) (end 1 0.6) (layer B.Fab) (width 0.1))
    (fp_line (start 1 0.6) (end 1 -0.6) (layer B.Fab) (width 0.1))
    (fp_line (start 1 -0.6) (end -1 -0.6) (layer B.Fab) (width 0.1))
    (fp_line (start -0.258578 0.71) (end 0.258578 0.71) (layer B.SilkS) (width 0.12))
    (fp_line (start -0.258578 -0.71) (end 0.258578 -0.71) (layer B.SilkS) (width 0.12))
    (fp_line (start -1.68 -0.95) (end -1.68 0.95) (layer B.CrtYd) (width 0.05))
    (fp_line (start -1.68 0.95) (end 1.68 0.95) (layer B.CrtYd) (width 0.05))
    (fp_line (start 1.68 0.95) (end 1.68 -0.95) (layer B.CrtYd) (width 0.05))
    (fp_line (start 1.68 -0.95) (end -1.68 -0.95) (layer B.CrtYd) (width 0.05))
    (fp_text user %R (at 0 0) (layer B.Fab)
      (effects (font (size 0.5 0.5) (thickness 0.08)) (justify mirror))
    )
    (pad 1 smd roundrect (at -0.9375 0 180) (size 0.975 1.4) (layers B.Cu B.Paste B.Mask) (roundrect_rratio 0.25)
      (net 55 -5V))
    (pad 2 smd roundrect (at 0.9375 0 180) (size 0.975 1.4) (layers B.Cu B.Paste B.Mask) (roundrect_rratio 0.25)
      (net 2 /Ref-))
    (model ${KISYS3DMOD}/Resistor_SMD.3dshapes/R_0805_2012Metric.wrl
      (at (xyz 0 0 0))
      (scale (xyz 1 1 1))
      (rotate (xyz 0 0 0))
    )
  )

  (module Resistor_SMD:R_0805_2012Metric (layer B.Cu) (tedit 5B36C52B) (tstamp 5DE5A73C)
    (at 87.63 108.204 270)
    (descr "Resistor SMD 0805 (2012 Metric), square (rectangular) end terminal, IPC_7351 nominal, (Body size source: https://docs.google.com/spreadsheets/d/1BsfQQcO9C6DZCsRaXUlFlo91Tg2WpOkGARC1WS5S8t0/edit?usp=sharing), generated with kicad-footprint-generator")
    (tags resistor)
    (path /5DE633B8)
    (attr smd)
    (fp_text reference R106 (at -2.0828 0.2032 180) (layer B.SilkS)
      (effects (font (size 0.7 0.7) (thickness 0.15)) (justify mirror))
    )
    (fp_text value R_Ref+ (at 0 -1.65 90) (layer B.Fab)
      (effects (font (size 1 1) (thickness 0.15)) (justify mirror))
    )
    (fp_line (start -1 -0.6) (end -1 0.6) (layer B.Fab) (width 0.1))
    (fp_line (start -1 0.6) (end 1 0.6) (layer B.Fab) (width 0.1))
    (fp_line (start 1 0.6) (end 1 -0.6) (layer B.Fab) (width 0.1))
    (fp_line (start 1 -0.6) (end -1 -0.6) (layer B.Fab) (width 0.1))
    (fp_line (start -0.258578 0.71) (end 0.258578 0.71) (layer B.SilkS) (width 0.12))
    (fp_line (start -0.258578 -0.71) (end 0.258578 -0.71) (layer B.SilkS) (width 0.12))
    (fp_line (start -1.68 -0.95) (end -1.68 0.95) (layer B.CrtYd) (width 0.05))
    (fp_line (start -1.68 0.95) (end 1.68 0.95) (layer B.CrtYd) (width 0.05))
    (fp_line (start 1.68 0.95) (end 1.68 -0.95) (layer B.CrtYd) (width 0.05))
    (fp_line (start 1.68 -0.95) (end -1.68 -0.95) (layer B.CrtYd) (width 0.05))
    (fp_text user %R (at 0 0 90) (layer B.Fab)
      (effects (font (size 0.5 0.5) (thickness 0.08)) (justify mirror))
    )
    (pad 1 smd roundrect (at -0.9375 0 270) (size 0.975 1.4) (layers B.Cu B.Paste B.Mask) (roundrect_rratio 0.25)
      (net 3 /Ref+))
    (pad 2 smd roundrect (at 0.9375 0 270) (size 0.975 1.4) (layers B.Cu B.Paste B.Mask) (roundrect_rratio 0.25)
      (net 1 GND))
    (model ${KISYS3DMOD}/Resistor_SMD.3dshapes/R_0805_2012Metric.wrl
      (at (xyz 0 0 0))
      (scale (xyz 1 1 1))
      (rotate (xyz 0 0 0))
    )
  )

  (module Resistor_SMD:R_0805_2012Metric (layer B.Cu) (tedit 5B36C52B) (tstamp 5DE5A72C)
    (at 84.836 107.442)
    (descr "Resistor SMD 0805 (2012 Metric), square (rectangular) end terminal, IPC_7351 nominal, (Body size source: https://docs.google.com/spreadsheets/d/1BsfQQcO9C6DZCsRaXUlFlo91Tg2WpOkGARC1WS5S8t0/edit?usp=sharing), generated with kicad-footprint-generator")
    (tags resistor)
    (path /5DE63157)
    (attr smd)
    (fp_text reference R105 (at -0.508 -1.3208) (layer B.SilkS)
      (effects (font (size 0.7 0.7) (thickness 0.15)) (justify mirror))
    )
    (fp_text value R_Ref (at 0 -1.65) (layer B.Fab)
      (effects (font (size 1 1) (thickness 0.15)) (justify mirror))
    )
    (fp_line (start -1 -0.6) (end -1 0.6) (layer B.Fab) (width 0.1))
    (fp_line (start -1 0.6) (end 1 0.6) (layer B.Fab) (width 0.1))
    (fp_line (start 1 0.6) (end 1 -0.6) (layer B.Fab) (width 0.1))
    (fp_line (start 1 -0.6) (end -1 -0.6) (layer B.Fab) (width 0.1))
    (fp_line (start -0.258578 0.71) (end 0.258578 0.71) (layer B.SilkS) (width 0.12))
    (fp_line (start -0.258578 -0.71) (end 0.258578 -0.71) (layer B.SilkS) (width 0.12))
    (fp_line (start -1.68 -0.95) (end -1.68 0.95) (layer B.CrtYd) (width 0.05))
    (fp_line (start -1.68 0.95) (end 1.68 0.95) (layer B.CrtYd) (width 0.05))
    (fp_line (start 1.68 0.95) (end 1.68 -0.95) (layer B.CrtYd) (width 0.05))
    (fp_line (start 1.68 -0.95) (end -1.68 -0.95) (layer B.CrtYd) (width 0.05))
    (fp_text user %R (at 0 0) (layer B.Fab)
      (effects (font (size 0.5 0.5) (thickness 0.08)) (justify mirror))
    )
    (pad 1 smd roundrect (at -0.9375 0) (size 0.975 1.4) (layers B.Cu B.Paste B.Mask) (roundrect_rratio 0.25)
      (net 2 /Ref-))
    (pad 2 smd roundrect (at 0.9375 0) (size 0.975 1.4) (layers B.Cu B.Paste B.Mask) (roundrect_rratio 0.25)
      (net 3 /Ref+))
    (model ${KISYS3DMOD}/Resistor_SMD.3dshapes/R_0805_2012Metric.wrl
      (at (xyz 0 0 0))
      (scale (xyz 1 1 1))
      (rotate (xyz 0 0 0))
    )
  )

  (module _Custom:MountingHole_3.2mm_M3_plated (layer F.Cu) (tedit 5DDD0D1D) (tstamp 5DDE78DC)
    (at 85.7504 131.4704)
    (descr "Mounting Hole 3.2mm, no annular, M3")
    (tags "mounting hole 3.2mm no annular m3")
    (path /5DE8377C)
    (attr virtual)
    (fp_text reference H108 (at 0 -4.2) (layer F.SilkS) hide
      (effects (font (size 0.75 0.75) (thickness 0.15)))
    )
    (fp_text value MH_Pad (at 0 4.2) (layer F.Fab)
      (effects (font (size 1 1) (thickness 0.15)))
    )
    (fp_text user %R (at 0.3 0) (layer F.Fab)
      (effects (font (size 0.75 0.75) (thickness 0.15)))
    )
    (fp_circle (center 0 0) (end 3.2 0) (layer Cmts.User) (width 0.15))
    (fp_circle (center 0 0) (end 3.45 0) (layer F.CrtYd) (width 0.05))
    (pad 1 thru_hole circle (at 0 0) (size 3.2 3.2) (drill 3.2) (layers *.Cu *.Mask)
      (net 1 GND) (zone_connect 2))
  )

  (module _Custom:MountingHole_3.2mm_M3_plated (layer F.Cu) (tedit 5DDD0D12) (tstamp 5DDA09A1)
    (at 85.7504 103.124)
    (descr "Mounting Hole 3.2mm, no annular, M3")
    (tags "mounting hole 3.2mm no annular m3")
    (path /5DE34C5C)
    (attr virtual)
    (fp_text reference H107 (at 0 -4.2) (layer F.SilkS) hide
      (effects (font (size 0.75 0.75) (thickness 0.15)))
    )
    (fp_text value MH_Pad (at 0 4.2) (layer F.Fab)
      (effects (font (size 1 1) (thickness 0.15)))
    )
    (fp_text user %R (at 0.3 0) (layer F.Fab)
      (effects (font (size 0.75 0.75) (thickness 0.15)))
    )
    (fp_circle (center 0 0) (end 3.2 0) (layer Cmts.User) (width 0.15))
    (fp_circle (center 0 0) (end 3.45 0) (layer F.CrtYd) (width 0.05))
    (pad 1 thru_hole circle (at 0 0) (size 3.2 3.2) (drill 3.2) (layers *.Cu *.Mask)
      (net 1 GND) (zone_connect 2))
  )

  (module _Custom:MountingHole_3.2mm_M3_plated (layer F.Cu) (tedit 5DDD0D24) (tstamp 5DDBCB28)
    (at 148.082 123.5964)
    (descr "Mounting Hole 3.2mm, no annular, M3")
    (tags "mounting hole 3.2mm no annular m3")
    (path /5DE9619A)
    (attr virtual)
    (fp_text reference H106 (at 0 -4.2) (layer F.SilkS) hide
      (effects (font (size 0.75 0.75) (thickness 0.15)))
    )
    (fp_text value MH_Pad (at 0 4.2) (layer F.Fab)
      (effects (font (size 1 1) (thickness 0.15)))
    )
    (fp_text user %R (at 0.3 0) (layer F.Fab)
      (effects (font (size 0.75 0.75) (thickness 0.15)))
    )
    (fp_circle (center 0 0) (end 3.2 0) (layer Cmts.User) (width 0.15))
    (fp_circle (center 0 0) (end 3.45 0) (layer F.CrtYd) (width 0.05))
    (pad 1 thru_hole circle (at 0 0) (size 3.2 3.2) (drill 3.2) (layers *.Cu *.Mask)
      (net 1 GND) (zone_connect 2))
  )

  (module _Custom:MountingHole_3.2mm_M3_plated (layer F.Cu) (tedit 5DDD0D2C) (tstamp 5DE70F92)
    (at 208.534 131.318)
    (descr "Mounting Hole 3.2mm, no annular, M3")
    (tags "mounting hole 3.2mm no annular m3")
    (path /5DE93191)
    (attr virtual)
    (fp_text reference H105 (at 0 -4.2) (layer F.SilkS) hide
      (effects (font (size 0.75 0.75) (thickness 0.15)))
    )
    (fp_text value MH_Pad (at 0 4.2) (layer F.Fab)
      (effects (font (size 1 1) (thickness 0.15)))
    )
    (fp_text user %R (at 0.3 0) (layer F.Fab)
      (effects (font (size 0.75 0.75) (thickness 0.15)))
    )
    (fp_circle (center 0 0) (end 3.2 0) (layer Cmts.User) (width 0.15))
    (fp_circle (center 0 0) (end 3.45 0) (layer F.CrtYd) (width 0.05))
    (pad 1 thru_hole circle (at 0 0) (size 3.2 3.2) (drill 3.2) (layers *.Cu *.Mask)
      (net 1 GND) (zone_connect 2))
  )

  (module _Custom:MountingHole_3.2mm_M3_plated (layer F.Cu) (tedit 5DDD0D1A) (tstamp 5DDA591A)
    (at 71.374 117.798244)
    (descr "Mounting Hole 3.2mm, no annular, M3")
    (tags "mounting hole 3.2mm no annular m3")
    (path /5DDF6F40)
    (attr virtual)
    (fp_text reference H104 (at 0 -4.2) (layer F.SilkS) hide
      (effects (font (size 0.75 0.75) (thickness 0.15)))
    )
    (fp_text value MH_Pad (at 0 4.2) (layer F.Fab)
      (effects (font (size 1 1) (thickness 0.15)))
    )
    (fp_text user %R (at 0.3 0) (layer F.Fab)
      (effects (font (size 0.75 0.75) (thickness 0.15)))
    )
    (fp_circle (center 0 0) (end 3.2 0) (layer Cmts.User) (width 0.15))
    (fp_circle (center 0 0) (end 3.45 0) (layer F.CrtYd) (width 0.05))
    (pad 1 thru_hole circle (at 0 0) (size 3.2 3.2) (drill 3.2) (layers *.Cu *.Mask)
      (net 1 GND) (zone_connect 2))
  )

  (module _Custom:MountingHole_3.2mm_M3_plated (layer F.Cu) (tedit 5DDD0D29) (tstamp 5DD9EE6B)
    (at 208.534 103.378)
    (descr "Mounting Hole 3.2mm, no annular, M3")
    (tags "mounting hole 3.2mm no annular m3")
    (path /5DE358C6)
    (attr virtual)
    (fp_text reference H102 (at 0 -4.2) (layer F.SilkS) hide
      (effects (font (size 0.75 0.75) (thickness 0.15)))
    )
    (fp_text value MH_Pad (at 0 4.2) (layer F.Fab)
      (effects (font (size 1 1) (thickness 0.15)))
    )
    (fp_text user %R (at 0.3 0) (layer F.Fab)
      (effects (font (size 0.75 0.75) (thickness 0.15)))
    )
    (fp_circle (center 0 0) (end 3.2 0) (layer Cmts.User) (width 0.15))
    (fp_circle (center 0 0) (end 3.45 0) (layer F.CrtYd) (width 0.05))
    (pad 1 thru_hole circle (at 0 0) (size 3.2 3.2) (drill 3.2) (layers *.Cu *.Mask)
      (net 1 GND) (zone_connect 2))
  )

  (module _Custom:MountingHole_3.2mm_M3_plated (layer F.Cu) (tedit 5DDD0D32) (tstamp 5DDBF9D8)
    (at 85.3186 120.661488)
    (descr "Mounting Hole 3.2mm, no annular, M3")
    (tags "mounting hole 3.2mm no annular m3")
    (path /5DE0FC2F)
    (attr virtual)
    (fp_text reference H101 (at 0 -4.2) (layer F.SilkS) hide
      (effects (font (size 0.75 0.75) (thickness 0.15)))
    )
    (fp_text value MH_Pad (at 0 4.2) (layer F.Fab)
      (effects (font (size 1 1) (thickness 0.15)))
    )
    (fp_text user %R (at 0.3 0) (layer F.Fab)
      (effects (font (size 0.75 0.75) (thickness 0.15)))
    )
    (fp_circle (center 0 0) (end 3.2 0) (layer Cmts.User) (width 0.15))
    (fp_circle (center 0 0) (end 3.45 0) (layer F.CrtYd) (width 0.05))
    (pad 1 thru_hole circle (at 0 0) (size 3.2 3.2) (drill 3.2) (layers *.Cu *.Mask)
      (net 1 GND) (zone_connect 2))
  )

  (module _Custom:MountingHole_3.2mm_M3_plated (layer F.Cu) (tedit 5DDD0D16) (tstamp 5DDA0940)
    (at 85.3186 114.935)
    (descr "Mounting Hole 3.2mm, no annular, M3")
    (tags "mounting hole 3.2mm no annular m3")
    (path /5DE0FC2F)
    (attr virtual)
    (fp_text reference H101 (at 0 -4.2) (layer F.SilkS) hide
      (effects (font (size 0.75 0.75) (thickness 0.15)))
    )
    (fp_text value MH_Pad (at 0 4.2) (layer F.Fab)
      (effects (font (size 1 1) (thickness 0.15)))
    )
    (fp_text user %R (at 0.3 0) (layer F.Fab)
      (effects (font (size 0.75 0.75) (thickness 0.15)))
    )
    (fp_circle (center 0 0) (end 3.2 0) (layer Cmts.User) (width 0.15))
    (fp_circle (center 0 0) (end 3.45 0) (layer F.CrtYd) (width 0.05))
    (pad 1 thru_hole circle (at 0 0) (size 3.2 3.2) (drill 3.2) (layers *.Cu *.Mask)
      (net 1 GND) (zone_connect 2))
  )

  (module Capacitor_SMD:C_0805_2012Metric (layer B.Cu) (tedit 5B36C52B) (tstamp 5DE59A21)
    (at 89.916 110.236 90)
    (descr "Capacitor SMD 0805 (2012 Metric), square (rectangular) end terminal, IPC_7351 nominal, (Body size source: https://docs.google.com/spreadsheets/d/1BsfQQcO9C6DZCsRaXUlFlo91Tg2WpOkGARC1WS5S8t0/edit?usp=sharing), generated with kicad-footprint-generator")
    (tags capacitor)
    (path /5DD8DCCA/5DD833D7)
    (attr smd)
    (fp_text reference C202 (at -0.1524 1.3208 90) (layer B.SilkS)
      (effects (font (size 0.75 0.75) (thickness 0.15)) (justify mirror))
    )
    (fp_text value 10n (at 0 -1.65 90) (layer B.Fab)
      (effects (font (size 1 1) (thickness 0.15)) (justify mirror))
    )
    (fp_line (start -1 -0.6) (end -1 0.6) (layer B.Fab) (width 0.1))
    (fp_line (start -1 0.6) (end 1 0.6) (layer B.Fab) (width 0.1))
    (fp_line (start 1 0.6) (end 1 -0.6) (layer B.Fab) (width 0.1))
    (fp_line (start 1 -0.6) (end -1 -0.6) (layer B.Fab) (width 0.1))
    (fp_line (start -0.258578 0.71) (end 0.258578 0.71) (layer B.SilkS) (width 0.12))
    (fp_line (start -0.258578 -0.71) (end 0.258578 -0.71) (layer B.SilkS) (width 0.12))
    (fp_line (start -1.68 -0.95) (end -1.68 0.95) (layer B.CrtYd) (width 0.05))
    (fp_line (start -1.68 0.95) (end 1.68 0.95) (layer B.CrtYd) (width 0.05))
    (fp_line (start 1.68 0.95) (end 1.68 -0.95) (layer B.CrtYd) (width 0.05))
    (fp_line (start 1.68 -0.95) (end -1.68 -0.95) (layer B.CrtYd) (width 0.05))
    (fp_text user %R (at 0 0 90) (layer B.Fab)
      (effects (font (size 0.75 0.75) (thickness 0.08)) (justify mirror))
    )
    (pad 1 smd roundrect (at -0.9375 0 90) (size 0.975 1.4) (layers B.Cu B.Paste B.Mask) (roundrect_rratio 0.25)
      (net 1 GND))
    (pad 2 smd roundrect (at 0.9375 0 90) (size 0.975 1.4) (layers B.Cu B.Paste B.Mask) (roundrect_rratio 0.25)
      (net 6 "Net-(C202-Pad2)"))
    (model ${KISYS3DMOD}/Capacitor_SMD.3dshapes/C_0805_2012Metric.wrl
      (at (xyz 0 0 0))
      (scale (xyz 1 1 1))
      (rotate (xyz 0 0 0))
    )
  )

  (module Capacitor_SMD:C_0805_2012Metric (layer B.Cu) (tedit 5B36C52B) (tstamp 5DE599F1)
    (at 89.662 113.792 270)
    (descr "Capacitor SMD 0805 (2012 Metric), square (rectangular) end terminal, IPC_7351 nominal, (Body size source: https://docs.google.com/spreadsheets/d/1BsfQQcO9C6DZCsRaXUlFlo91Tg2WpOkGARC1WS5S8t0/edit?usp=sharing), generated with kicad-footprint-generator")
    (tags capacitor)
    (path /5DD8DCCA/5DD833DD)
    (attr smd)
    (fp_text reference C203 (at 0.5334 -1.4986 270) (layer B.SilkS)
      (effects (font (size 0.75 0.75) (thickness 0.15)) (justify mirror))
    )
    (fp_text value 10n (at 0 -1.65 270) (layer B.Fab)
      (effects (font (size 1 1) (thickness 0.15)) (justify mirror))
    )
    (fp_line (start -1 -0.6) (end -1 0.6) (layer B.Fab) (width 0.1))
    (fp_line (start -1 0.6) (end 1 0.6) (layer B.Fab) (width 0.1))
    (fp_line (start 1 0.6) (end 1 -0.6) (layer B.Fab) (width 0.1))
    (fp_line (start 1 -0.6) (end -1 -0.6) (layer B.Fab) (width 0.1))
    (fp_line (start -0.258578 0.71) (end 0.258578 0.71) (layer B.SilkS) (width 0.12))
    (fp_line (start -0.258578 -0.71) (end 0.258578 -0.71) (layer B.SilkS) (width 0.12))
    (fp_line (start -1.68 -0.95) (end -1.68 0.95) (layer B.CrtYd) (width 0.05))
    (fp_line (start -1.68 0.95) (end 1.68 0.95) (layer B.CrtYd) (width 0.05))
    (fp_line (start 1.68 0.95) (end 1.68 -0.95) (layer B.CrtYd) (width 0.05))
    (fp_line (start 1.68 -0.95) (end -1.68 -0.95) (layer B.CrtYd) (width 0.05))
    (fp_text user %R (at 0 0 270) (layer B.Fab)
      (effects (font (size 0.75 0.75) (thickness 0.08)) (justify mirror))
    )
    (pad 1 smd roundrect (at -0.9375 0 270) (size 0.975 1.4) (layers B.Cu B.Paste B.Mask) (roundrect_rratio 0.25)
      (net 1 GND))
    (pad 2 smd roundrect (at 0.9375 0 270) (size 0.975 1.4) (layers B.Cu B.Paste B.Mask) (roundrect_rratio 0.25)
      (net 92 "Net-(C203-Pad2)"))
    (model ${KISYS3DMOD}/Capacitor_SMD.3dshapes/C_0805_2012Metric.wrl
      (at (xyz 0 0 0))
      (scale (xyz 1 1 1))
      (rotate (xyz 0 0 0))
    )
  )

  (module Capacitor_SMD:C_0805_2012Metric (layer B.Cu) (tedit 5DD9CB82) (tstamp 5DDB715E)
    (at 101.6 110.998 90)
    (descr "Capacitor SMD 0805 (2012 Metric), square (rectangular) end terminal, IPC_7351 nominal, (Body size source: https://docs.google.com/spreadsheets/d/1BsfQQcO9C6DZCsRaXUlFlo91Tg2WpOkGARC1WS5S8t0/edit?usp=sharing), generated with kicad-footprint-generator")
    (tags capacitor)
    (path /5DD8DCCA/5DE18B5D)
    (attr smd)
    (fp_text reference C204 (at -0.254 1.524 90) (layer B.SilkS)
      (effects (font (size 0.75 0.75) (thickness 0.15)) (justify mirror))
    )
    (fp_text value 10n (at 0 -1.65 90) (layer B.Fab)
      (effects (font (size 1 1) (thickness 0.15)) (justify mirror))
    )
    (fp_text user %R (at 0 0 90) (layer B.Fab)
      (effects (font (size 0.75 0.75) (thickness 0.08)) (justify mirror))
    )
    (fp_line (start 1.68 -0.95) (end -1.68 -0.95) (layer B.CrtYd) (width 0.05))
    (fp_line (start 1.68 0.95) (end 1.68 -0.95) (layer B.CrtYd) (width 0.05))
    (fp_line (start -1.68 0.95) (end 1.68 0.95) (layer B.CrtYd) (width 0.05))
    (fp_line (start -1.68 -0.95) (end -1.68 0.95) (layer B.CrtYd) (width 0.05))
    (fp_line (start -0.258578 -0.71) (end 0.258578 -0.71) (layer B.SilkS) (width 0.12))
    (fp_line (start -0.258578 0.71) (end 0.258578 0.71) (layer B.SilkS) (width 0.12))
    (fp_line (start 1 -0.6) (end -1 -0.6) (layer B.Fab) (width 0.1))
    (fp_line (start 1 0.6) (end 1 -0.6) (layer B.Fab) (width 0.1))
    (fp_line (start -1 0.6) (end 1 0.6) (layer B.Fab) (width 0.1))
    (fp_line (start -1 -0.6) (end -1 0.6) (layer B.Fab) (width 0.1))
    (pad 2 smd roundrect (at 0.9375 0 90) (size 0.975 1.4) (layers B.Cu B.Paste B.Mask) (roundrect_rratio 0.25)
      (net 7 "Net-(C204-Pad2)"))
    (pad 1 smd roundrect (at -0.9375 0 90) (size 0.975 1.4) (layers B.Cu B.Paste B.Mask) (roundrect_rratio 0.25)
      (net 1 GND) (zone_connect 2))
    (model ${KISYS3DMOD}/Capacitor_SMD.3dshapes/C_0805_2012Metric.wrl
      (at (xyz 0 0 0))
      (scale (xyz 1 1 1))
      (rotate (xyz 0 0 0))
    )
  )

  (module Capacitor_SMD:C_0805_2012Metric (layer B.Cu) (tedit 5B36C52B) (tstamp 5DD8F4EF)
    (at 102.616 114.808 90)
    (descr "Capacitor SMD 0805 (2012 Metric), square (rectangular) end terminal, IPC_7351 nominal, (Body size source: https://docs.google.com/spreadsheets/d/1BsfQQcO9C6DZCsRaXUlFlo91Tg2WpOkGARC1WS5S8t0/edit?usp=sharing), generated with kicad-footprint-generator")
    (tags capacitor)
    (path /5DD8DCCA/5DE18B63)
    (attr smd)
    (fp_text reference C205 (at 0 -1.27 90) (layer B.SilkS)
      (effects (font (size 0.75 0.75) (thickness 0.15)) (justify mirror))
    )
    (fp_text value 10n (at 0 -1.65 90) (layer B.Fab)
      (effects (font (size 1 1) (thickness 0.15)) (justify mirror))
    )
    (fp_text user %R (at 0 0 90) (layer B.Fab)
      (effects (font (size 0.75 0.75) (thickness 0.08)) (justify mirror))
    )
    (fp_line (start 1.68 -0.95) (end -1.68 -0.95) (layer B.CrtYd) (width 0.05))
    (fp_line (start 1.68 0.95) (end 1.68 -0.95) (layer B.CrtYd) (width 0.05))
    (fp_line (start -1.68 0.95) (end 1.68 0.95) (layer B.CrtYd) (width 0.05))
    (fp_line (start -1.68 -0.95) (end -1.68 0.95) (layer B.CrtYd) (width 0.05))
    (fp_line (start -0.258578 -0.71) (end 0.258578 -0.71) (layer B.SilkS) (width 0.12))
    (fp_line (start -0.258578 0.71) (end 0.258578 0.71) (layer B.SilkS) (width 0.12))
    (fp_line (start 1 -0.6) (end -1 -0.6) (layer B.Fab) (width 0.1))
    (fp_line (start 1 0.6) (end 1 -0.6) (layer B.Fab) (width 0.1))
    (fp_line (start -1 0.6) (end 1 0.6) (layer B.Fab) (width 0.1))
    (fp_line (start -1 -0.6) (end -1 0.6) (layer B.Fab) (width 0.1))
    (pad 2 smd roundrect (at 0.9375 0 90) (size 0.975 1.4) (layers B.Cu B.Paste B.Mask) (roundrect_rratio 0.25)
      (net 83 "Net-(C205-Pad2)"))
    (pad 1 smd roundrect (at -0.9375 0 90) (size 0.975 1.4) (layers B.Cu B.Paste B.Mask) (roundrect_rratio 0.25)
      (net 1 GND))
    (model ${KISYS3DMOD}/Capacitor_SMD.3dshapes/C_0805_2012Metric.wrl
      (at (xyz 0 0 0))
      (scale (xyz 1 1 1))
      (rotate (xyz 0 0 0))
    )
  )

  (module Capacitor_SMD:C_0805_2012Metric (layer B.Cu) (tedit 5B36C52B) (tstamp 5DD866B9)
    (at 97.256601 119.507 180)
    (descr "Capacitor SMD 0805 (2012 Metric), square (rectangular) end terminal, IPC_7351 nominal, (Body size source: https://docs.google.com/spreadsheets/d/1BsfQQcO9C6DZCsRaXUlFlo91Tg2WpOkGARC1WS5S8t0/edit?usp=sharing), generated with kicad-footprint-generator")
    (tags capacitor)
    (path /5DD8DCCA/5E08EBD3)
    (attr smd)
    (fp_text reference C211 (at -3.073399 0.127) (layer B.SilkS)
      (effects (font (size 0.75 0.75) (thickness 0.15)) (justify mirror))
    )
    (fp_text value 10n (at 0 -1.65) (layer B.Fab)
      (effects (font (size 1 1) (thickness 0.15)) (justify mirror))
    )
    (fp_line (start -1 -0.6) (end -1 0.6) (layer B.Fab) (width 0.1))
    (fp_line (start -1 0.6) (end 1 0.6) (layer B.Fab) (width 0.1))
    (fp_line (start 1 0.6) (end 1 -0.6) (layer B.Fab) (width 0.1))
    (fp_line (start 1 -0.6) (end -1 -0.6) (layer B.Fab) (width 0.1))
    (fp_line (start -0.258578 0.71) (end 0.258578 0.71) (layer B.SilkS) (width 0.12))
    (fp_line (start -0.258578 -0.71) (end 0.258578 -0.71) (layer B.SilkS) (width 0.12))
    (fp_line (start -1.68 -0.95) (end -1.68 0.95) (layer B.CrtYd) (width 0.05))
    (fp_line (start -1.68 0.95) (end 1.68 0.95) (layer B.CrtYd) (width 0.05))
    (fp_line (start 1.68 0.95) (end 1.68 -0.95) (layer B.CrtYd) (width 0.05))
    (fp_line (start 1.68 -0.95) (end -1.68 -0.95) (layer B.CrtYd) (width 0.05))
    (fp_text user %R (at 0 0) (layer B.Fab)
      (effects (font (size 0.75 0.75) (thickness 0.08)) (justify mirror))
    )
    (pad 1 smd roundrect (at -0.9375 0 180) (size 0.975 1.4) (layers B.Cu B.Paste B.Mask) (roundrect_rratio 0.25)
      (net 93 "Net-(C211-Pad1)"))
    (pad 2 smd roundrect (at 0.9375 0 180) (size 0.975 1.4) (layers B.Cu B.Paste B.Mask) (roundrect_rratio 0.25)
      (net 1 GND))
    (model ${KISYS3DMOD}/Capacitor_SMD.3dshapes/C_0805_2012Metric.wrl
      (at (xyz 0 0 0))
      (scale (xyz 1 1 1))
      (rotate (xyz 0 0 0))
    )
  )

  (module Capacitor_SMD:C_0805_2012Metric (layer B.Cu) (tedit 5DD9CB7D) (tstamp 5DDDA28C)
    (at 105.664 110.998 90)
    (descr "Capacitor SMD 0805 (2012 Metric), square (rectangular) end terminal, IPC_7351 nominal, (Body size source: https://docs.google.com/spreadsheets/d/1BsfQQcO9C6DZCsRaXUlFlo91Tg2WpOkGARC1WS5S8t0/edit?usp=sharing), generated with kicad-footprint-generator")
    (tags capacitor)
    (path /5DE59C76/5DD833D7)
    (attr smd)
    (fp_text reference C302 (at -0.254 -1.3335 90) (layer B.SilkS)
      (effects (font (size 0.75 0.75) (thickness 0.15)) (justify mirror))
    )
    (fp_text value 10n (at 0 -1.65 90) (layer B.Fab)
      (effects (font (size 1 1) (thickness 0.15)) (justify mirror))
    )
    (fp_line (start -1 -0.6) (end -1 0.6) (layer B.Fab) (width 0.1))
    (fp_line (start -1 0.6) (end 1 0.6) (layer B.Fab) (width 0.1))
    (fp_line (start 1 0.6) (end 1 -0.6) (layer B.Fab) (width 0.1))
    (fp_line (start 1 -0.6) (end -1 -0.6) (layer B.Fab) (width 0.1))
    (fp_line (start -0.258578 0.71) (end 0.258578 0.71) (layer B.SilkS) (width 0.12))
    (fp_line (start -0.258578 -0.71) (end 0.258578 -0.71) (layer B.SilkS) (width 0.12))
    (fp_line (start -1.68 -0.95) (end -1.68 0.95) (layer B.CrtYd) (width 0.05))
    (fp_line (start -1.68 0.95) (end 1.68 0.95) (layer B.CrtYd) (width 0.05))
    (fp_line (start 1.68 0.95) (end 1.68 -0.95) (layer B.CrtYd) (width 0.05))
    (fp_line (start 1.68 -0.95) (end -1.68 -0.95) (layer B.CrtYd) (width 0.05))
    (fp_text user %R (at 0 0 90) (layer B.Fab)
      (effects (font (size 0.75 0.75) (thickness 0.08)) (justify mirror))
    )
    (pad 1 smd roundrect (at -0.9375 0 90) (size 0.975 1.4) (layers B.Cu B.Paste B.Mask) (roundrect_rratio 0.25)
      (net 1 GND) (zone_connect 2))
    (pad 2 smd roundrect (at 0.9375 0 90) (size 0.975 1.4) (layers B.Cu B.Paste B.Mask) (roundrect_rratio 0.25)
      (net 8 "Net-(C302-Pad2)"))
    (model ${KISYS3DMOD}/Capacitor_SMD.3dshapes/C_0805_2012Metric.wrl
      (at (xyz 0 0 0))
      (scale (xyz 1 1 1))
      (rotate (xyz 0 0 0))
    )
  )

  (module Capacitor_SMD:C_0805_2012Metric (layer B.Cu) (tedit 5B36C52B) (tstamp 5DDFF5FD)
    (at 104.902 114.808 90)
    (descr "Capacitor SMD 0805 (2012 Metric), square (rectangular) end terminal, IPC_7351 nominal, (Body size source: https://docs.google.com/spreadsheets/d/1BsfQQcO9C6DZCsRaXUlFlo91Tg2WpOkGARC1WS5S8t0/edit?usp=sharing), generated with kicad-footprint-generator")
    (tags capacitor)
    (path /5DE59C76/5DD833DD)
    (attr smd)
    (fp_text reference C303 (at 0 1.524 90) (layer B.SilkS)
      (effects (font (size 0.75 0.75) (thickness 0.15)) (justify mirror))
    )
    (fp_text value 10n (at 0 -1.65 90) (layer B.Fab)
      (effects (font (size 1 1) (thickness 0.15)) (justify mirror))
    )
    (fp_line (start -1 -0.6) (end -1 0.6) (layer B.Fab) (width 0.1))
    (fp_line (start -1 0.6) (end 1 0.6) (layer B.Fab) (width 0.1))
    (fp_line (start 1 0.6) (end 1 -0.6) (layer B.Fab) (width 0.1))
    (fp_line (start 1 -0.6) (end -1 -0.6) (layer B.Fab) (width 0.1))
    (fp_line (start -0.258578 0.71) (end 0.258578 0.71) (layer B.SilkS) (width 0.12))
    (fp_line (start -0.258578 -0.71) (end 0.258578 -0.71) (layer B.SilkS) (width 0.12))
    (fp_line (start -1.68 -0.95) (end -1.68 0.95) (layer B.CrtYd) (width 0.05))
    (fp_line (start -1.68 0.95) (end 1.68 0.95) (layer B.CrtYd) (width 0.05))
    (fp_line (start 1.68 0.95) (end 1.68 -0.95) (layer B.CrtYd) (width 0.05))
    (fp_line (start 1.68 -0.95) (end -1.68 -0.95) (layer B.CrtYd) (width 0.05))
    (fp_text user %R (at 0 0 90) (layer B.Fab)
      (effects (font (size 0.75 0.75) (thickness 0.08)) (justify mirror))
    )
    (pad 1 smd roundrect (at -0.9375 0 90) (size 0.975 1.4) (layers B.Cu B.Paste B.Mask) (roundrect_rratio 0.25)
      (net 1 GND))
    (pad 2 smd roundrect (at 0.9375 0 90) (size 0.975 1.4) (layers B.Cu B.Paste B.Mask) (roundrect_rratio 0.25)
      (net 94 "Net-(C303-Pad2)"))
    (model ${KISYS3DMOD}/Capacitor_SMD.3dshapes/C_0805_2012Metric.wrl
      (at (xyz 0 0 0))
      (scale (xyz 1 1 1))
      (rotate (xyz 0 0 0))
    )
  )

  (module Capacitor_SMD:C_0805_2012Metric (layer B.Cu) (tedit 5B36C52B) (tstamp 5DD8F555)
    (at 112.056601 119.507 180)
    (descr "Capacitor SMD 0805 (2012 Metric), square (rectangular) end terminal, IPC_7351 nominal, (Body size source: https://docs.google.com/spreadsheets/d/1BsfQQcO9C6DZCsRaXUlFlo91Tg2WpOkGARC1WS5S8t0/edit?usp=sharing), generated with kicad-footprint-generator")
    (tags capacitor)
    (path /5DE59C76/5E08EBD3)
    (attr smd)
    (fp_text reference C311 (at -3.005399 0.127 180) (layer B.SilkS)
      (effects (font (size 0.75 0.75) (thickness 0.15)) (justify mirror))
    )
    (fp_text value 10n (at 0 -1.65 180) (layer B.Fab)
      (effects (font (size 1 1) (thickness 0.15)) (justify mirror))
    )
    (fp_text user %R (at 0 0 180) (layer B.Fab)
      (effects (font (size 0.75 0.75) (thickness 0.08)) (justify mirror))
    )
    (fp_line (start 1.68 -0.95) (end -1.68 -0.95) (layer B.CrtYd) (width 0.05))
    (fp_line (start 1.68 0.95) (end 1.68 -0.95) (layer B.CrtYd) (width 0.05))
    (fp_line (start -1.68 0.95) (end 1.68 0.95) (layer B.CrtYd) (width 0.05))
    (fp_line (start -1.68 -0.95) (end -1.68 0.95) (layer B.CrtYd) (width 0.05))
    (fp_line (start -0.258578 -0.71) (end 0.258578 -0.71) (layer B.SilkS) (width 0.12))
    (fp_line (start -0.258578 0.71) (end 0.258578 0.71) (layer B.SilkS) (width 0.12))
    (fp_line (start 1 -0.6) (end -1 -0.6) (layer B.Fab) (width 0.1))
    (fp_line (start 1 0.6) (end 1 -0.6) (layer B.Fab) (width 0.1))
    (fp_line (start -1 0.6) (end 1 0.6) (layer B.Fab) (width 0.1))
    (fp_line (start -1 -0.6) (end -1 0.6) (layer B.Fab) (width 0.1))
    (pad 2 smd roundrect (at 0.9375 0 180) (size 0.975 1.4) (layers B.Cu B.Paste B.Mask) (roundrect_rratio 0.25)
      (net 1 GND))
    (pad 1 smd roundrect (at -0.9375 0 180) (size 0.975 1.4) (layers B.Cu B.Paste B.Mask) (roundrect_rratio 0.25)
      (net 95 "Net-(C311-Pad1)"))
    (model ${KISYS3DMOD}/Capacitor_SMD.3dshapes/C_0805_2012Metric.wrl
      (at (xyz 0 0 0))
      (scale (xyz 1 1 1))
      (rotate (xyz 0 0 0))
    )
  )

  (module Capacitor_SMD:C_0805_2012Metric (layer B.Cu) (tedit 5B36C52B) (tstamp 5DD8F5AA)
    (at 126.856601 119.507 180)
    (descr "Capacitor SMD 0805 (2012 Metric), square (rectangular) end terminal, IPC_7351 nominal, (Body size source: https://docs.google.com/spreadsheets/d/1BsfQQcO9C6DZCsRaXUlFlo91Tg2WpOkGARC1WS5S8t0/edit?usp=sharing), generated with kicad-footprint-generator")
    (tags capacitor)
    (path /5DF0CFEC/5E08EBD3)
    (attr smd)
    (fp_text reference C411 (at -2.937399 0.127 180) (layer B.SilkS)
      (effects (font (size 0.75 0.75) (thickness 0.15)) (justify mirror))
    )
    (fp_text value 10n (at 0 -1.65 180) (layer B.Fab)
      (effects (font (size 1 1) (thickness 0.15)) (justify mirror))
    )
    (fp_text user %R (at 0 0 180) (layer B.Fab)
      (effects (font (size 0.75 0.75) (thickness 0.08)) (justify mirror))
    )
    (fp_line (start 1.68 -0.95) (end -1.68 -0.95) (layer B.CrtYd) (width 0.05))
    (fp_line (start 1.68 0.95) (end 1.68 -0.95) (layer B.CrtYd) (width 0.05))
    (fp_line (start -1.68 0.95) (end 1.68 0.95) (layer B.CrtYd) (width 0.05))
    (fp_line (start -1.68 -0.95) (end -1.68 0.95) (layer B.CrtYd) (width 0.05))
    (fp_line (start -0.258578 -0.71) (end 0.258578 -0.71) (layer B.SilkS) (width 0.12))
    (fp_line (start -0.258578 0.71) (end 0.258578 0.71) (layer B.SilkS) (width 0.12))
    (fp_line (start 1 -0.6) (end -1 -0.6) (layer B.Fab) (width 0.1))
    (fp_line (start 1 0.6) (end 1 -0.6) (layer B.Fab) (width 0.1))
